K1
9.803768999999999778e+02 0.000000000000000000e+00 6.900000000000000000e+02
0.000000000000000000e+00 9.757217000000000553e+02 2.441228000000000122e+02
0.000000000000000000e+00 0.000000000000000000e+00 1.000000000000000000e+00
dist1
-3.715861999999999776e-01
2.009708000000000050e-01
1.363807000000000083e-03
1.588184000000000080e-03
-6.967695999999999612e-02
R1
1.000000000000000000e+00 0.000000000000000000e+00 0.000000000000000000e+00
0.000000000000000000e+00 1.000000000000000000e+00 0.000000000000000000e+00
0.000000000000000000e+00 0.000000000000000000e+00 1.000000000000000000e+00
T1
-5.551114999999999755e-17
-2.312965000000000080e-17
3.700742999999999815e-16
Rot_rect1
9.999478000000000533e-01 9.791707000000000188e-03 -2.925305000000000006e-03
-9.806939000000000628e-03 9.999381999999999993e-01 -5.238719000000000188e-03
2.873828000000000146e-03 5.267133999999999705e-03 9.999820000000000375e-01
Proj_rect1
7.183351000000000113e+02 0.000000000000000000e+00 6.003890999999999849e+02 0.000000000000000000e+00
0.000000000000000000e+00 7.183351000000000113e+02 1.815122000000000071e+02 0.000000000000000000e+00
0.000000000000000000e+00 0.000000000000000000e+00 1.000000000000000000e+00 0.000000000000000000e+00
K2
9.904660000000000082e+02 0.000000000000000000e+00 7.020000000000000000e+02
0.000000000000000000e+00 9.875575000000000045e+02 2.581179000000000201e+02
0.000000000000000000e+00 0.000000000000000000e+00 1.000000000000000000e+00
dist2
-3.645288999999999890e-01
1.817606999999999973e-01
7.785893999999999693e-05
-1.378883999999999926e-04
-5.526708999999999788e-02
R2
9.993414000000000463e-01 1.820342999999999961e-02 -3.139100999999999697e-02
-1.853619999999999921e-02 9.997747000000000162e-01 -1.034255000000000070e-02
3.119567000000000173e-02 1.091760999999999947e-02 9.994537000000000004e-01
T2
-5.370000000000000329e-01
4.682272000000000343e-03
-1.524528999999999988e-02
Rot_rect2
9.999478000000000533e-01 9.791707000000000188e-03 -2.925305000000000006e-03
-9.806939000000000628e-03 9.999381999999999993e-01 -5.238719000000000188e-03
2.873828000000000146e-03 5.267133999999999705e-03 9.999820000000000375e-01
Proj_rect2
7.183351000000000113e+02 0.000000000000000000e+00 6.003890999999999849e+02 0.000000000000000000e+00
0.000000000000000000e+00 7.183351000000000113e+02 1.815122000000000071e+02 0.000000000000000000e+00
0.000000000000000000e+00 0.000000000000000000e+00 1.000000000000000000e+00 0.000000000000000000e+00
